04120002
09120004
11120006
01130008
03130011
03130012
09130015
10130018
10130019
10130020
11130021
11130026
11130027
11130028
11130029
11130034
11130036
11130045
11130048
11130049
11130050
11130051
11130052
11130053
11130054
11130055
11130056
11130060
11130061
11130065
11130066
11130068
11130070
11130073
11130077
11130078
11130080
11130083
12130090
12130091
12130095
12130097
12130099
12130100
01140106
01140108
01140111
01140113
01140114
01140122
01140123
01140127
01140130
01140131
01140133
01140134
01140136
01140137
01140139
01140140
01140147
01140148
01140149
01140150
01140152
01140153
01140156
01140162
01140163
01140166
01140168
01140169
01140170
02140175
02140176
02140177
02140180
02140181
140001
140002
02140186
02140188
02140189
02140190
02140191
02140194
02140196
02140202
02140205
02140206
02140207
03140208
03140209
03140210
03140214
04140221
04140224
04140227
04140228
04140229
05140231
05140232
05140236
05140237
05140239
05140241
05140243
06140244
06140246
07140247
08140252
09140254
09140256
10140259
10140260
10140261
12140263
12140264
02150273
02150275
02150277
02150278
03150283
03150284
03150285
03150286
03150289
04150290
04150292
04150295
04150297
04150298
05150303
06150307
06150312
06150315
07150318
07150320
07150324
07150327
08150329
08150331
10150333
12150345
12150347
12150349
01160350
01160351
01160352
02160355
03160357
03160358
03160359
04160364
04160365
05160366
05160368
05160369
06160371
07160372
09160373
10160375
10160376
11160377
02170386
02170389
02170390
02170391
02170392
02170393
02170394
03170395
03170398
04170401
04170402
04170403
06170409
06170410
06170414
07170417
07170418
07170420
07170421
08170422
08170423
08170425
08170426
09170429
09170431
11170433
11170434
11170436
11170437
11170438
12170442
01180445
02180446
02180447
02180448
02180449
02180450
02180452
03180453
03180454
03180455
03180456
03180457
03180458
03180460
03180461
02180462
04180465
05180466
07180470
07180471
08180474
09180478
09180480
09180481
09180482
10180483
10180484
12180504
10180487
10180490
10180491
10180492
10180496
11180497
11180499
11180501
01190506
01190507
01190509
01190510
01190511
02190514
02190515
02190516
02190518
02190519
02190521
02190522
02190523
02190525
02190526
03190528
03190530
03190531
03190532
03190533
03190534
03190535
03190537
03190538
03190539
03190540
03190542
03190543
03190546
03190547
04190548
04190549
04190550
04190551
04190552
04190555
04190556
04190557
04190559
04190560
04190563
04190564
04190565
05190570
05190572
05190575
05190578
05190579
05190580
06190581
06190582
07190584
07190585
07190586
08190588
08190590
08190591
08190593
08190594
08190595
08190597
08190598
08190599
09190601
09190603
10190606
10190607
10190608
10190609
10190611
10190612
10190613
10190614
10190615
10190616
11190618
12190620
12190621
12190622
12190623
01200624
01200625
01200626
01200627
01200628
02200631
02200632
02200634
02200636
03200637
03200638
03200639
03200641
03200643
03200645
03200646
03200647
12180505
130007
110001
110002
110005
110004
110003
110006
110025
110037
110012
110024
110008
110010
110013
110009
110020
110015
06200648
06200649
110039
110018
110035
110036
110028
110007
110014
110033
110034
120001
120017
120007
120013
120004
120008
120020
120024
120014
120021
120011
120019
120010
120018
120015
120006
120023
130008
130003
130004
130009
07200650
07200651
110016
07200653
07200652
08200655
120026
120027
120028
110040
09200656
09200658
09200659
09200660
120029
10200661
10200662
10200663
10200665
10200666
10200667
110041
11200672
11200673
11200671
10200670
11200674
11200675
11200679
11200678
11200677
11200676
11200681
11200683
11200682
11200686
11200685
11200684
11200691
11200690
11200689
11200688
11200687
08200654
12200692
12200693
12200694
12200695
12200696
12200697
110042
110043
01210698
01210699
01210700
01210701
01210702
01210703